<?xml version="1.0" encoding="utf-8"?>
<COLLADA xmlns="http://www.collada.org/2005/11/COLLADASchema" version="1.4.1">
  <asset><contributor><author>Mixamo</author><authoring_tool>COLLADA Mixamo exporter</authoring_tool><comments></comments></contributor><created>2016-09-22T15:06:46Z</created><modified>2016-09-22T15:06:46Z</modified><revision></revision><title></title><unit meter="0.010000"/><up_axis>Y_UP</up_axis></asset>
  <library_animations>
    <animation id="mixamorig_Hips-anim" name="mixamorig_Hips"><source id="mixamorig_Hips-Matrix-animation-input"><float_array id="mixamorig_Hips-Matrix-animation-input-array" count="455">

0.000000 0.033333 0.066667 0.100000 0.133333 0.166667 0.200000 0.233333 0.266667 0.300000 0.333333 0.366667 0.400000 0.433333 0.466667 0.500000
0.533333 0.566667 0.600000 0.633333 0.666667 0.700000 0.733333 0.766667 0.800000 0.833333 0.866667 0.900000 0.933333 0.966667 1.000000 1.033333
1.066667 1.100000 1.133333 1.166667 1.200000 1.233333 1.266667 1.300000 1.333333 1.366667 1.400000 1.433333 1.466667 1.500000 1.533333 1.566667
1.600000 1.633333 1.666667 1.700000 1.733333 1.766667 1.800000 1.833333 1.866667 1.900000 1.933333 1.966667 2.000000 2.033333 2.066667 2.100000
2.133333 2.166667 2.200000 2.233333 2.266667 2.300000 2.333333 2.366667 2.400000 2.433333 2.466667 2.500000 2.533333 2.566667 2.600000 2.633333
2.666667 2.700000 2.733333 2.766667 2.800000 2.833333 2.866667 2.900000 2.933333 2.966667 3.000000 3.033333 3.066667 3.100000 3.133333 3.166667
3.200000 3.233333 3.266667 3.300000 3.333333 3.366667 3.400000 3.433333 3.466667 3.500000 3.533333 3.566667 3.600000 3.633333 3.666667 3.700000
3.733333 3.766667 3.800000 3.833333 3.866667 3.900000 3.933333 3.966667 4.000000 4.033333 4.066667 4.100000 4.133333 4.166667 4.200000 4.233333
4.266667 4.300000 4.333333 4.366667 4.400000 4.433333 4.466667 4.500000 4.533333 4.566667 4.600000 4.633333 4.666667 4.700000 4.733333 4.766667
4.800000 4.833333 4.866667 4.900000 4.933333 4.966667 5.000000 5.033333 5.066667 5.100000 5.133333 5.166667 5.200000 5.233333 5.266667 5.300000
5.333333 5.366667 5.400000 5.433333 5.466667 5.500000 5.533333 5.566667 5.600000 5.633333 5.666667 5.700000 5.733333 5.766667 5.800000 5.833333
5.866667 5.900000 5.933333 5.966667 6.000000 6.033333 6.066667 6.100000 6.133333 6.166667 6.200000 6.233333 6.266667 6.300000 6.333333 6.366667
6.400000 6.433333 6.466667 6.500000 6.533333 6.566667 6.600000 6.633333 6.666667 6.700000 6.733333 6.766667 6.800000 6.833333 6.866667 6.900000
6.933333 6.966667 7.000000 7.033333 7.066667 7.100000 7.133333 7.166667 7.200000 7.233333 7.266667 7.300000 7.333333 7.366667 7.400000 7.433333
7.466667 7.500000 7.533333 7.566667 7.600000 7.633333 7.666667 7.700000 7.733333 7.766667 7.800000 7.833333 7.866667 7.900000 7.933333 7.966667
8.000000 8.033333 8.066667 8.100000 8.133333 8.166667 8.200000 8.233333 8.266667 8.300000 8.333333 8.366667 8.400000 8.433333 8.466667 8.500000
8.533333 8.566667 8.600000 8.633333 8.666667 8.700000 8.733333 8.766667 8.800000 8.833333 8.866667 8.900000 8.933333 8.966667 9.000000 9.033333
9.066667 9.100000 9.133333 9.166667 9.200000 9.233333 9.266667 9.300000 9.333333 9.366667 9.400000 9.433333 9.466667 9.500000 9.533333 9.566667
9.600000 9.633333 9.666667 9.700000 9.733333 9.766667 9.800000 9.833333 9.866667 9.900000 9.933333 9.966667 10.000000 10.033333 10.066667 10.100000
10.133333 10.166667 10.200000 10.233333 10.266667 10.300000 10.333333 10.366667 10.400000 10.433333 10.466667 10.500000 10.533333 10.566667 10.600000 10.633333
10.666667 10.700000 10.733333 10.766667 10.800000 10.833333 10.866667 10.900000 10.933333 10.966667 11.000000 11.033333 11.066667 11.100000 11.133333 11.166667
11.200000 11.233333 11.266667 11.300000 11.333333 11.366667 11.400000 11.433333 11.466667 11.500000 11.533333 11.566667 11.600000 11.633333 11.666667 11.700000
11.733333 11.766667 11.800000 11.833333 11.866667 11.900000 11.933333 11.966667 12.000000 12.033333 12.066667 12.100000 12.133333 12.166667 12.200000 12.233333
12.266667 12.300000 12.333333 12.366667 12.400000 12.433333 12.466667 12.500000 12.533333 12.566667 12.600000 12.633333 12.666667 12.700000 12.733333 12.766667
12.800000 12.833333 12.866667 12.900000 12.933333 12.966667 13.000000 13.033333 13.066667 13.100000 13.133333 13.166667 13.200000 13.233333 13.266667 13.300000
13.333333 13.366667 13.400000 13.433333 13.466667 13.500000 13.533333 13.566667 13.600000 13.633333 13.666667 13.700000 13.733333 13.766667 13.800000 13.833333
13.866667 13.900000 13.933333 13.966667 14.000000 14.033333 14.066667 14.100000 14.133333 14.166667 14.200000 14.233333 14.266667 14.300000 14.333333 14.366667
14.400000 14.433333 14.466667 14.500000 14.533333 14.566667 14.600000 14.633333 14.666667 14.700000 14.733333 14.766667 14.800000 14.833333 14.866667 14.900000
14.933333 14.966667 15.000000 15.033333 15.066667 15.100000 15.133333</float_array><technique_common><accessor source="#mixamorig_Hips-Matrix-animation-input-array" count="455"><param name="TIME" type="float"/></accessor></technique_common></source><source id="mixamorig_Hips-Matrix-animation-output-transform"><float_array id="mixamorig_Hips-Matrix-animation-output-transform-array" count="7280">

0.998542 -0.051033 -0.017608 0.152937 0.051837 0.997469 0.048673 86.584389 0.015079 -0.049514 0.998660 1.812079 0.000000 0.000000 0.000000 1.000000
0.998484 -0.051938 -0.018200 0.165806 0.052770 0.997420 0.048671 86.574066 0.015625 -0.049558 0.998649 1.870553 0.000000 0.000000 0.000000 1.000000
0.998437 -0.052599 -0.018877 0.178596 0.053467 0.997374 0.048848 86.564651 0.016258 -0.049781 0.998628 1.935722 0.000000 0.000000 0.000000 1.000000
0.998407 -0.052952 -0.019502 0.194195 0.053857 0.997334 0.049240 86.552139 0.016842 -0.050212 0.998597 2.006773 0.000000 0.000000 0.000000 1.000000
0.998362 -0.053602 -0.019980 0.218754 0.054541 0.997267 0.049845 86.528992 0.017253 -0.050854 0.998557 2.084975 0.000000 0.000000 0.000000 1.000000
0.998238 -0.055902 -0.019884 0.251352 0.056836 0.997130 0.050023 86.485115 0.017030 -0.051065 0.998550 2.172282 0.000000 0.000000 0.000000 1.000000
0.998017 -0.060393 -0.017763 0.273230 0.061191 0.996949 0.048460 86.411308 0.014782 -0.049451 0.998667 2.257026 0.000000 0.000000 0.000000 1.000000
0.997760 -0.065793 -0.012120 0.266509 0.066272 0.996805 0.044577 86.303101 0.009149 -0.045281 0.998932 2.302237 0.000000 0.000000 0.000000 1.000000
0.997497 -0.070588 -0.004202 0.248656 0.070700 0.996697 0.039956 86.156967 0.001367 -0.040153 0.999193 2.264102 0.000000 0.000000 0.000000 1.000000
0.997171 -0.075156 0.001545 0.259916 0.075042 0.996446 0.038253 85.946312 -0.004415 -0.038029 0.999267 2.149563 0.000000 0.000000 0.000000 1.000000
0.996772 -0.080262 0.001708 0.303637 0.080115 0.995856 0.043034 85.627846 -0.005155 -0.042758 0.999072 2.045446 0.000000 0.000000 0.000000 1.000000
0.996548 -0.082988 -0.002205 0.342639 0.082985 0.995066 0.054376 85.236954 -0.002319 -0.054371 0.998518 2.034431 0.000000 0.000000 0.000000 1.000000
0.996718 -0.080775 -0.005267 0.360986 0.080947 0.994385 0.068155 84.891769 -0.000267 -0.068358 0.997661 2.153791 0.000000 0.000000 0.000000 1.000000
0.997456 -0.071154 -0.004206 0.388018 0.071264 0.994338 0.078831 84.776054 -0.001427 -0.078930 0.996879 2.410757 0.000000 0.000000 0.000000 1.000000
0.998607 -0.052767 0.000719 0.436201 0.052527 0.995185 0.082746 84.918701 -0.005082 -0.082593 0.996570 2.840719 0.000000 0.000000 0.000000 1.000000
0.999626 -0.025952 0.008566 0.469746 0.025191 0.996521 0.079446 85.220955 -0.010598 -0.079200 0.996802 3.448942 0.000000 0.000000 0.000000 1.000000
0.999789 0.006282 0.019578 0.455374 -0.007620 0.997583 0.069062 85.558372 -0.019097 -0.069197 0.997420 4.178914 0.000000 0.000000 0.000000 1.000000
0.998610 0.040438 0.033813 0.433430 -0.042123 0.997827 0.050674 85.921890 -0.031690 -0.052028 0.998143 4.971137 0.000000 0.000000 0.000000 1.000000
0.995923 0.074965 0.050175 0.475565 -0.076285 0.996774 0.024928 86.373672 -0.048145 -0.028654 0.998429 5.833595 0.000000 0.000000 0.000000 1.000000
0.991848 0.109335 0.065451 0.595005 -0.109276 0.994001 -0.004490 86.897903 -0.065549 -0.002699 0.997846 6.843495 0.000000 0.000000 0.000000 1.000000
0.987034 0.142472 0.073923 0.750279 -0.140448 0.989573 -0.031927 87.363533 -0.077701 0.021131 0.996753 8.084223 0.000000 0.000000 0.000000 1.000000
0.982811 0.170816 0.070024 0.903534 -0.167343 0.984482 -0.052828 87.701706 -0.077962 0.040202 0.996145 9.563227 0.000000 0.000000 0.000000 1.000000
0.980488 0.189444 0.052488 1.032905 -0.185806 0.980284 -0.067226 87.906029 -0.064188 0.056162 0.996356 11.205240 0.000000 0.000000 0.000000 1.000000
0.980649 0.194128 0.025337 1.110561 -0.191672 0.978381 -0.077670 88.006966 -0.039868 0.071311 0.996657 12.955816 0.000000 0.000000 0.000000 1.000000
0.983032 0.183344 -0.005697 1.091878 -0.183167 0.979466 -0.084240 88.058899 -0.009865 0.083854 0.996429 14.848609 0.000000 0.000000 0.000000 1.000000
0.986603 0.158667 -0.037937 0.938801 -0.161381 0.983265 -0.084537 88.056496 0.023889 0.089527 0.995698 16.989309 0.000000 0.000000 0.000000 1.000000
0.989396 0.126081 -0.072098 0.658182 -0.131544 0.988327 -0.076843 87.938957 0.061568 0.085512 0.994433 19.471449 0.000000 0.000000 0.000000 1.000000
0.989741 0.095477 -0.106291 0.273160 -0.102402 0.992827 -0.061707 87.684288 0.099637 0.071958 0.992419 22.292524 0.000000 0.000000 0.000000 1.000000
0.988284 0.076815 -0.131888 -0.235390 -0.082832 0.995730 -0.040754 87.341087 0.128194 0.051202 0.990426 25.327847 0.000000 0.000000 0.000000 1.000000
0.987439 0.073155 -0.140042 -0.871751 -0.075954 0.997002 -0.014740 86.836250 0.138544 0.025192 0.990036 28.366949 0.000000 0.000000 0.000000 1.000000
0.987789 0.086938 -0.129286 -1.542637 -0.085734 0.996207 0.014861 86.243225 0.130088 -0.003595 0.991496 31.122189 0.000000 0.000000 0.000000 1.000000
0.988048 0.112963 -0.104888 -2.086746 -0.108827 0.993070 0.044364 85.548759 0.109173 -0.032420 0.993494 33.477573 0.000000 0.000000 0.000000 1.000000
0.987302 0.140928 -0.073307 -2.408186 -0.135796 0.988201 0.070837 84.742401 0.082425 -0.059982 0.994791 35.481045 0.000000 0.000000 0.000000 1.000000
0.986348 0.159187 -0.042160 -2.535984 -0.154767 0.983572 0.092912 83.993820 0.056258 -0.085118 0.994781 37.324478 0.000000 0.000000 0.000000 1.000000
0.986942 0.159527 -0.022276 -2.546139 -0.156265 0.981814 0.107808 83.567902 0.039070 -0.102919 0.993922 39.306561 0.000000 0.000000 0.000000 1.000000
0.989352 0.143874 -0.021959 -2.481307 -0.140585 0.983764 0.111558 83.523422 0.037652 -0.107283 0.993515 41.621765 0.000000 0.000000 0.000000 1.000000
0.991801 0.120667 -0.042067 -2.340845 -0.115796 0.987862 0.103538 83.836571 0.054050 -0.097818 0.993735 44.276524 0.000000 0.000000 0.000000 1.000000
0.992500 0.095952 -0.075738 -2.155862 -0.089203 0.992121 0.087970 84.523773 0.083582 -0.080554 0.993240 47.115208 0.000000 0.000000 0.000000 1.000000
0.991065 0.070938 -0.112951 -2.011393 -0.063322 0.995560 0.069649 85.492203 0.117391 -0.061874 0.991156 49.995560 0.000000 0.000000 0.000000 1.000000
0.988272 0.042309 -0.146727 -1.938609 -0.035270 0.998114 0.050247 86.486870 0.148576 -0.044483 0.987900 52.800816 0.000000 0.000000 0.000000 1.000000
0.984788 0.012581 -0.173303 -1.906136 -0.007452 0.999516 0.030214 87.437515 0.173600 -0.028463 0.984405 55.474724 0.000000 0.000000 0.000000 1.000000
0.981125 -0.015286 -0.192767 -1.867358 0.018168 0.999748 0.013191 88.218414 0.192517 -0.016445 0.981156 58.022770 0.000000 0.000000 0.000000 1.000000
0.977430 -0.038366 -0.207746 -1.829392 0.040219 0.999180 0.004703 88.760956 0.207395 -0.012952 0.978172 60.563965 0.000000 0.000000 0.000000 1.000000
0.973817 -0.054186 -0.220780 -1.802336 0.056730 0.998376 0.005195 89.024193 0.220140 -0.017583 0.975310 63.288502 0.000000 0.000000 0.000000 1.000000
0.971114 -0.062317 -0.230336 -1.759974 0.065970 0.997788 0.008187 88.882866 0.229316 -0.023145 0.973077 66.354630 0.000000 0.000000 0.000000 1.000000
0.971113 -0.064026 -0.229870 -1.694490 0.067546 0.997688 0.007469 88.370026 0.228860 -0.022780 0.973193 69.848831 0.000000 0.000000 0.000000 1.000000
0.974417 -0.068147 -0.214166 -1.603036 0.070587 0.997499 0.003755 87.675713 0.213375 -0.018776 0.976790 73.572693 0.000000 0.000000 0.000000 1.000000
0.979141 -0.080301 -0.186638 -1.498217 0.082220 0.996611 0.002551 86.869888 0.185801 -0.017843 0.982425 77.242287 0.000000 0.000000 0.000000 1.000000
0.981857 -0.103099 -0.159143 -1.387930 0.105314 0.994424 0.005525 85.902298 0.157686 -0.022184 0.987240 80.567253 0.000000 0.000000 0.000000 1.000000
0.981137 -0.132877 -0.140407 -1.249809 0.135420 0.990750 0.008670 84.902069 0.137956 -0.027521 0.990056 83.329704 0.000000 0.000000 0.000000 1.000000
0.979306 -0.157892 -0.126612 -1.098447 0.160685 0.986932 0.012089 84.226143 0.123048 -0.032184 0.991879 85.562057 0.000000 0.000000 0.000000 1.000000
0.979827 -0.167407 -0.109153 -0.994618 0.170721 0.985081 0.021687 84.118629 0.103894 -0.039884 0.993788 87.467728 0.000000 0.000000 0.000000 1.000000
0.983679 -0.158893 -0.084436 -1.027351 0.162497 0.985991 0.037645 84.311333 0.077271 -0.050751 0.995718 89.335770 0.000000 0.000000 0.000000 1.000000
0.989414 -0.135591 -0.051717 -1.214725 0.138246 0.989045 0.051745 84.572166 0.044134 -0.058347 0.997320 91.504173 0.000000 0.000000 0.000000 1.000000
0.994494 -0.104314 -0.010016 -1.473690 0.104720 0.992829 0.057650 84.879532 0.003930 -0.058382 0.998287 94.041718 0.000000 0.000000 0.000000 1.000000
0.996968 -0.067465 0.038772 -1.688400 0.065235 0.996289 0.056157 85.441589 -0.042416 -0.053457 0.997669 96.746994 0.000000 0.000000 0.000000 1.000000
0.996034 -0.025408 0.085274 -1.834700 0.021192 0.998525 0.049984 86.318756 -0.086418 -0.047979 0.995103 99.376305 0.000000 0.000000 0.000000 1.000000
0.992871 0.017817 0.117854 -1.970318 -0.022606 0.998967 0.039425 87.270195 -0.117030 -0.041808 0.992248 101.908485 0.000000 0.000000 0.000000 1.000000
0.989870 0.053603 0.131472 -2.128044 -0.057431 0.998024 0.025497 88.048645 -0.129845 -0.032790 0.990992 104.513329 0.000000 0.000000 0.000000 1.000000
0.988481 0.077358 0.130080 -2.267159 -0.079759 0.996725 0.013339 88.513840 -0.128622 -0.023561 0.991414 107.332588 0.000000 0.000000 0.000000 1.000000
0.988542 0.089312 0.121689 -2.337776 -0.091024 0.995812 0.008571 88.656403 -0.120414 -0.019549 0.992531 110.443260 0.000000 0.000000 0.000000 1.000000
0.989511 0.090047 0.112957 -2.351236 -0.092019 0.995681 0.012358 88.471199 -0.111356 -0.022623 0.993523 113.912407 0.000000 0.000000 0.000000 1.000000
0.991057 0.081331 0.105787 -2.360575 -0.084042 0.996232 0.021419 88.045120 -0.103646 -0.030118 0.994158 117.738976 0.000000 0.000000 0.000000 1.000000
0.992568 0.071649 0.098358 -2.410729 -0.075010 0.996704 0.030902 87.573372 -0.095820 -0.038050 0.994671 121.796028 0.000000 0.000000 0.000000 1.000000
0.993872 0.066276 0.088464 -2.459894 -0.069960 0.996779 0.039212 86.893188 -0.085580 -0.045161 0.995307 125.984085 0.000000 0.000000 0.000000 1.000000
0.993613 0.080961 0.078605 -2.505009 -0.085019 0.995137 0.049734 86.285423 -0.074196 -0.056100 0.995664 129.850204 0.000000 0.000000 0.000000 1.000000
0.990735 0.113926 0.073926 -2.535842 -0.118690 0.990891 0.063617 85.705009 -0.066005 -0.071802 0.995233 133.164505 0.000000 0.000000 0.000000 1.000000
0.985900 0.149645 0.074887 -2.547616 -0.155128 0.985142 0.073696 84.976990 -0.062746 -0.084274 0.994465 135.912796 0.000000 0.000000 0.000000 1.000000
0.982140 0.173035 0.073885 -2.497335 -0.178351 0.981280 0.072666 84.228683 -0.059928 -0.084546 0.994616 138.328903 0.000000 0.000000 0.000000 1.000000
0.981613 0.181062 0.060429 -2.325045 -0.184819 0.980702 0.063757 83.734169 -0.047719 -0.073753 0.996134 140.685883 0.000000 0.000000 0.000000 1.000000
0.983764 0.176900 0.030243 -2.049850 -0.178395 0.982294 0.057217 83.628090 -0.019586 -0.061684 0.997904 143.169266 0.000000 0.000000 0.000000 1.000000
0.987052 0.160037 -0.010806 -1.751800 -0.159160 0.985555 0.057874 83.886276 0.019912 -0.055404 0.998265 145.886215 0.000000 0.000000 0.000000 1.000000
0.990090 0.130072 -0.052942 -1.478390 -0.126777 0.990026 0.061455 84.439133 0.060408 -0.054134 0.996705 148.788940 0.000000 0.000000 0.000000 1.000000
0.991508 0.092368 -0.091546 -1.234788 -0.086853 0.994258 0.062505 85.206497 0.096794 -0.054023 0.993837 151.686646 0.000000 0.000000 0.000000 1.000000
0.990604 0.052780 -0.126168 -1.034954 -0.045614 0.997214 0.059026 86.089211 0.128932 -0.052716 0.990251 154.461487 0.000000 0.000000 0.000000 1.000000
0.988209 0.012057 -0.152635 -0.873062 -0.004206 0.998656 0.051651 86.988396 0.153053 -0.050400 0.986932 157.106445 0.000000 0.000000 0.000000 1.000000
0.985933 -0.026410 -0.165041 -0.714021 0.034077 0.998459 0.043794 87.846130 0.163630 -0.048802 0.985314 159.714783 0.000000 0.000000 0.000000 1.000000
0.984404 -0.057804 -0.166153 -0.529199 0.065132 0.997114 0.038997 88.515526 0.163420 -0.049210 0.985329 162.403793 0.000000 0.000000 0.000000 1.000000
0.982778 -0.080223 -0.166469 -0.321798 0.087379 0.995521 0.036105 88.805695 0.162827 -0.050029 0.985385 165.266052 0.000000 0.000000 0.000000 1.000000
0.980541 -0.091719 -0.173569 -0.137005 0.098519 0.994654 0.030957 88.751137 0.169801 -0.047454 0.984335 168.474762 0.000000 0.000000 0.000000 1.000000
0.977957 -0.094780 -0.186057 -0.005782 0.100685 0.994663 0.022524 88.349495 0.182929 -0.040761 0.982281 172.098892 0.000000 0.000000 0.000000 1.000000
0.975674 -0.094867 -0.197639 0.076227 0.099692 0.994911 0.014584 87.734261 0.195250 -0.033933 0.980166 176.062073 0.000000 0.000000 0.000000 1.000000
0.973894 -0.098916 -0.204318 0.133925 0.103271 0.994595 0.010737 87.065208 0.202152 -0.031556 0.978846 180.136261 0.000000 0.000000 0.000000 1.000000
0.971398 -0.115657 -0.207386 0.161110 0.120162 0.992712 0.009215 86.334404 0.204809 -0.033872 0.978216 183.977493 0.000000 0.000000 0.000000 1.000000
0.967191 -0.145943 -0.207947 0.173634 0.150555 0.988581 0.006441 85.583107 0.204633 -0.037537 0.978119 187.296295 0.000000 0.000000 0.000000 1.000000
0.962974 -0.176008 -0.204211 0.233318 0.180927 0.983481 0.005520 85.058022 0.199866 -0.042263 0.978911 190.065826 0.000000 0.000000 0.000000 1.000000
0.962371 -0.189424 -0.194833 0.316448 0.195635 0.980591 0.012966 84.918732 0.188596 -0.050594 0.980751 192.460587 0.000000 0.000000 0.000000 1.000000
0.966932 -0.183889 -0.176712 0.272173 0.191521 0.981117 0.027004 85.029457 0.168409 -0.059955 0.983892 194.707397 0.000000 0.000000 0.000000 1.000000
0.975634 -0.167235 -0.142020 -0.002487 0.174423 0.983871 0.039678 85.210236 0.133094 -0.063483 0.989068 197.060806 0.000000 0.000000 0.000000 1.000000
0.985749 -0.144117 -0.086770 -0.426119 0.148563 0.987779 0.047140 85.474815 0.078916 -0.059359 0.995112 199.673141 0.000000 0.000000 0.000000 1.000000
0.993388 -0.113213 -0.019040 -0.837086 0.114018 0.992296 0.048468 85.974487 0.013406 -0.050319 0.998643 202.485458 0.000000 0.000000 0.000000 1.000000
0.996116 -0.075299 0.045635 -1.174525 0.073459 0.996466 0.040736 86.757919 -0.048541 -0.037225 0.998127 205.337357 0.000000 0.000000 0.000000 1.000000
0.994885 -0.036061 0.094362 -1.484291 0.033927 0.999133 0.024128 87.666458 -0.095150 -0.020803 0.995246 208.176804 0.000000 0.000000 0.000000 1.000000
0.992512 -0.000266 0.122145 -1.785852 -0.000516 0.999980 0.006371 88.503754 -0.122144 -0.006386 0.992492 211.081833 0.000000 0.000000 0.000000 1.000000
0.990948 0.029685 0.130926 -2.036484 -0.029466 0.999559 -0.003611 89.131516 -0.130976 -0.000279 0.991386 214.157471 0.000000 0.000000 0.000000 1.000000
0.990535 0.052002 0.127027 -2.212600 -0.051885 0.998644 -0.004236 89.533905 -0.127075 -0.002394 0.991890 217.480087 0.000000 0.000000 0.000000 1.000000
0.990799 0.064403 0.119037 -2.357808 -0.064817 0.997897 -0.000395 89.703705 -0.118812 -0.007325 0.992890 221.095963 0.000000 0.000000 0.000000 1.000000
0.991371 0.064934 0.113870 -2.510309 -0.065867 0.997818 0.004451 89.563934 -0.113332 -0.011913 0.993486 225.035950 0.000000 0.000000 0.000000 1.000000
0.992052 0.056848 0.112251 -2.649634 -0.058499 0.998222 0.011471 89.061180 -0.111400 -0.017946 0.993614 229.291061 0.000000 0.000000 0.000000 1.000000
0.993007 0.047129 0.108241 -2.740704 -0.049872 0.998496 0.022772 88.173904 -0.107005 -0.028011 0.993864 233.835983 0.000000 0.000000 0.000000 1.000000
0.993698 0.055271 0.097518 -2.807668 -0.059203 0.997526 0.037894 87.128517 -0.095183 -0.043429 0.994512 238.280640 0.000000 0.000000 0.000000 1.000000
0.992272 0.090613 0.084764 -2.892610 -0.095368 0.993985 0.053838 86.197174 -0.079376 -0.061505 0.994945 242.207031 0.000000 0.000000 0.000000 1.000000
0.987465 0.136774 0.078778 -2.991637 -0.142065 0.987656 0.065985 85.404602 -0.068780 -0.076349 0.994706 245.541092 0.000000 0.000000 0.000000 1.000000
0.982451 0.167006 0.083064 -3.072159 -0.172908 0.982462 0.069791 84.721680 -0.069952 -0.082928 0.994097 248.482880 0.000000 0.000000 0.000000 1.000000
0.981381 0.170131 0.089142 -3.108959 -0.176107 0.982283 0.064077 84.292038 -0.076661 -0.078582 0.993956 251.275940 0.000000 0.000000 0.000000 1.000000
0.984195 0.157391 0.081164 -3.084431 -0.161981 0.985346 0.053426 84.071472 -0.071566 -0.065728 0.995268 254.025146 0.000000 0.000000 0.000000 1.000000
0.988686 0.141835 0.048812 -2.999979 -0.144080 0.988495 0.046025 84.065231 -0.041722 -0.052537 0.997747 256.873993 0.000000 0.000000 0.000000 1.000000
0.992124 0.125240 -0.002167 -2.894253 -0.125014 0.991121 0.045291 84.394745 0.007820 -0.044664 0.998971 259.878448 0.000000 0.000000 0.000000 1.000000
0.993381 0.099473 -0.057446 -2.808775 -0.096917 0.994243 0.045692 84.994705 0.061661 -0.039822 0.997302 262.912140 0.000000 0.000000 0.000000 1.000000
0.992273 0.065258 -0.105525 -2.794143 -0.061322 0.997311 0.040121 85.829254 0.107859 -0.033340 0.993607 265.888519 0.000000 0.000000 0.000000 1.000000
0.989583 0.027347 -0.141339 -2.833457 -0.023566 0.999320 0.028359 86.825653 0.142018 -0.024733 0.989555 268.777130 0.000000 0.000000 0.000000 1.000000
0.986713 -0.008030 -0.162273 -2.874590 0.010837 0.999806 0.016419 87.862640 0.162110 -0.017960 0.986609 271.592804 0.000000 0.000000 0.000000 1.000000
0.984822 -0.037900 -0.169376 -2.907390 0.040297 0.999130 0.010736 88.735306 0.168822 -0.017398 0.985493 274.433044 0.000000 0.000000 0.000000 1.000000
0.983716 -0.060711 -0.169164 -2.968266 0.063720 0.997891 0.012413 89.380600 0.168053 -0.022990 0.985510 277.475281 0.000000 0.000000 0.000000 1.000000
0.982547 -0.074621 -0.170391 -3.082607 0.078594 0.996767 0.016682 89.634926 0.168595 -0.029782 0.985235 280.875366 0.000000 0.000000 0.000000 1.000000
0.981076 -0.077937 -0.177247 -3.272933 0.082619 0.996397 0.019181 89.357544 0.175113 -0.033462 0.983979 284.702362 0.000000 0.000000 0.000000 1.000000
0.979445 -0.078177 -0.185947 -3.507684 0.083693 0.996249 0.021990 88.663940 0.183530 -0.037100 0.982314 288.741974 0.000000 0.000000 0.000000 1.000000
0.978286 -0.084789 -0.189124 -3.722028 0.091988 0.995320 0.029603 87.673630 0.185729 -0.046357 0.981507 292.677338 0.000000 0.000000 0.000000 1.000000
0.977067 -0.105394 -0.185021 -3.879614 0.114512 0.992645 0.039275 86.440849 0.179521 -0.059561 0.981949 296.228912 0.000000 0.000000 0.000000 1.000000
0.974712 -0.133294 -0.179360 -3.983194 0.142910 0.988855 0.041748 85.237984 0.171797 -0.066324 0.982897 299.363922 0.000000 0.000000 0.000000 1.000000
0.971955 -0.154902 -0.176945 -4.076790 0.163224 0.986024 0.033399 84.486214 0.169298 -0.061344 0.983654 302.185913 0.000000 0.000000 0.000000 1.000000
0.970827 -0.165417 -0.173586 -4.221989 0.171646 0.984926 0.021404 84.194008 0.167429 -0.050575 0.984586 304.681305 0.000000 0.000000 0.000000 1.000000
0.973849 -0.163928 -0.157310 -4.484406 0.168322 0.985619 0.014938 84.255928 0.152599 -0.041027 0.987436 306.992218 0.000000 0.000000 0.000000 1.000000
0.981033 -0.150414 -0.122268 -4.885049 0.153433 0.988036 0.015606 84.551064 0.118458 -0.034070 0.992374 309.359131 0.000000 0.000000 0.000000 1.000000
0.989246 -0.126905 -0.072718 -5.371441 0.128514 0.991547 0.017873 85.056671 0.069835 -0.027026 0.997192 311.903931 0.000000 0.000000 0.000000 1.000000
0.995152 -0.097018 -0.016114 -5.838848 0.097283 0.995118 0.016600 85.852852 0.014425 -0.018087 0.999732 314.540131 0.000000 0.000000 0.000000 1.000000
0.997239 -0.063022 0.039265 -6.220881 0.062598 0.997968 0.011927 86.866135 -0.039937 -0.009436 0.999158 317.111969 0.000000 0.000000 0.000000 1.000000
0.996144 -0.026586 0.083612 -6.544702 0.026215 0.999641 0.005537 87.916237 -0.083729 -0.003323 0.996483 319.615479 0.000000 0.000000 0.000000 1.000000
0.993912 0.009571 0.109759 -6.859493 -0.009342 0.999953 -0.002599 88.848923 -0.109779 0.001558 0.993955 322.177856 0.000000 0.000000 0.000000 1.000000
0.992176 0.041061 0.117899 -7.147950 -0.040098 0.999140 -0.010528 89.548019 -0.118229 0.005718 0.992970 324.926147 0.000000 0.000000 0.000000 1.000000
0.991363 0.063341 0.114840 -7.361516 -0.062173 0.997971 -0.013724 89.912506 -0.115476 0.006465 0.993289 327.973328 0.000000 0.000000 0.000000 1.000000
0.991226 0.074956 0.108867 -7.497077 -0.074204 0.997183 -0.010950 89.855743 -0.109381 0.002776 0.993996 331.400635 0.000000 0.000000 0.000000 1.000000
0.991433 0.078695 0.104243 -7.603535 -0.078623 0.996893 -0.004804 89.406448 -0.104298 -0.003433 0.994540 335.188141 0.000000 0.000000 0.000000 1.000000
0.992390 0.074837 0.097783 -7.721916 -0.075635 0.997126 0.004466 88.561722 -0.097168 -0.011828 0.995198 339.372772 0.000000 0.000000 0.000000 1.000000
0.993320 0.079712 0.083435 -7.864758 -0.081573 0.996484 0.019136 87.708069 -0.081616 -0.025814 0.996329 343.628387 0.000000 0.000000 0.000000 1.000000
0.992796 0.102894 0.061396 -7.993402 -0.105287 0.993750 0.037081 86.810593 -0.057197 -0.043278 0.997424 347.632019 0.000000 0.000000 0.000000 1.000000
0.988662 0.144633 0.040354 -8.087703 -0.146585 0.987906 0.050548 85.945862 -0.032555 -0.055890 0.997906 351.053253 0.000000 0.000000 0.000000 1.000000
0.982118 0.186113 0.028411 -8.106562 -0.187442 0.980735 0.055003 85.030693 -0.017627 -0.059345 0.998082 353.924347 0.000000 0.000000 0.000000 1.000000
0.977596 0.208894 0.025863 -8.039762 -0.210012 0.976259 0.053036 84.305801 -0.014170 -0.057279 0.998258 356.514435 0.000000 0.000000 0.000000 1.000000
0.977029 0.211821 0.023385 -7.893330 -0.212736 0.975914 0.048318 83.935860 -0.012587 -0.052183 0.998558 359.039032 0.000000 0.000000 0.000000 1.000000
0.978841 0.204490 0.007358 -7.669881 -0.204616 0.977894 0.043072 83.863541 0.001612 -0.043666 0.999045 361.642303 0.000000 0.000000 0.000000 1.000000
0.981236 0.190761 -0.028027 -7.381268 -0.189600 0.981066 0.039503 84.109360 0.035032 -0.033447 0.998826 364.391632 0.000000 0.000000 0.000000 1.000000
0.983024 0.167708 -0.074422 -7.046976 -0.165328 0.985540 0.037107 84.790962 0.079569 -0.024173 0.996536 367.212524 0.000000 0.000000 0.000000 1.000000
0.984119 0.133584 -0.116896 -6.676646 -0.130585 0.990888 0.032989 85.781418 0.120237 -0.017200 0.992596 369.952637 0.000000 0.000000 0.000000 1.000000
0.985070 0.092331 -0.145303 -6.273367 -0.089166 0.995619 0.028156 86.876648 0.147266 -0.014779 0.988986 372.559326 0.000000 0.000000 0.000000 1.000000
0.985950 0.049981 -0.159389 -5.862022 -0.046163 0.998553 0.027573 87.970901 0.160536 -0.019827 0.986831 375.099579 0.000000 0.000000 0.000000 1.000000
0.986028 0.010495 -0.166251 -5.499706 -0.005125 0.999452 0.032694 88.814568 0.166503 -0.031385 0.985541 377.682220 0.000000 0.000000 0.000000 1.000000
0.984622 -0.018493 -0.173717 -5.204273 0.025461 0.998954 0.037969 89.348343 0.172834 -0.041808 0.984063 380.527466 0.000000 0.000000 0.000000 1.000000
0.982632 -0.034792 -0.182273 -4.921114 0.041929 0.998491 0.035450 89.378181 0.180764 -0.042477 0.982609 383.781219 0.000000 0.000000 0.000000 1.000000
0.982495 -0.040721 -0.181785 -4.596433 0.045636 0.998695 0.022932 88.822105 0.180614 -0.030827 0.983071 387.518829 0.000000 0.000000 0.000000 1.000000
0.985678 -0.050461 -0.160914 -4.216005 0.052505 0.998585 0.008473 88.098045 0.160258 -0.016801 0.986932 391.461823 0.000000 0.000000 0.000000 1.000000
0.989821 -0.071071 -0.123302 -3.811168 0.072194 0.997380 0.004662 87.449318 0.122648 -0.013516 0.992358 395.470581 0.000000 0.000000 0.000000 1.000000
0.991297 -0.100632 -0.084872 -3.390623 0.102294 0.994634 0.015452 86.991653 0.082862 -0.023999 0.996272 399.398102 0.000000 0.000000 0.000000 1.000000
0.989302 -0.134382 -0.056767 -2.947116 0.136352 0.990131 0.032377 86.716431 0.051856 -0.039771 0.997862 402.952484 0.000000 0.000000 0.000000 1.000000
0.985511 -0.165598 -0.036691 -2.496735 0.167261 0.984735 0.048169 86.474617 0.028154 -0.053608 0.998165 405.964844 0.000000 0.000000 0.000000 1.000000
0.982208 -0.186932 -0.017993 -2.085857 0.187713 0.980106 0.064475 86.297134 0.005583 -0.066706 0.997757 408.577667 0.000000 0.000000 0.000000 1.000000
0.980313 -0.197438 0.001973 -1.818385 0.196630 0.977115 0.081133 86.236359 -0.017946 -0.079147 0.996701 410.963501 0.000000 0.000000 0.000000 1.000000
0.978838 -0.203052 0.025416 -1.805516 0.199963 0.975471 0.092042 86.180031 -0.043482 -0.085012 0.995431 413.168152 0.000000 0.000000 0.000000 1.000000
0.977119 -0.205532 0.054727 -2.041773 0.199708 0.975102 0.096401 86.155060 -0.073177 -0.083266 0.993837 415.268799 0.000000 0.000000 0.000000 1.000000
0.975592 -0.201566 0.087131 -2.435497 0.192875 0.976237 0.098798 86.258827 -0.104975 -0.079582 0.991286 417.298553 0.000000 0.000000 0.000000 1.000000
0.974870 -0.188019 0.119486 -2.936236 0.176867 0.979341 0.098025 86.547722 -0.135449 -0.074429 0.987985 419.271057 0.000000 0.000000 0.000000 1.000000
0.974331 -0.163573 0.154671 -3.559278 0.151220 0.984522 0.088595 87.036179 -0.166768 -0.062931 0.983986 421.209900 0.000000 0.000000 0.000000 1.000000
0.971652 -0.128708 0.198308 -4.314272 0.116765 0.990630 0.070837 87.657272 -0.205567 -0.045674 0.977577 423.130798 0.000000 0.000000 0.000000 1.000000
0.963775 -0.087908 0.251814 -5.127439 0.077504 0.995689 0.050959 88.273331 -0.255208 -0.029596 0.966433 425.133911 0.000000 0.000000 0.000000 1.000000
0.949444 -0.051525 0.309678 -5.859479 0.042897 0.998480 0.034611 88.798782 -0.310990 -0.019577 0.950211 427.362366 0.000000 0.000000 0.000000 1.000000
0.929925 -0.030766 0.366460 -6.438917 0.023855 0.999442 0.023372 89.132317 -0.366975 -0.012992 0.930140 429.903015 0.000000 0.000000 0.000000 1.000000
0.905461 -0.024163 0.423742 -6.917374 0.020379 0.999702 0.013458 89.152618 -0.423941 -0.003550 0.905683 432.760284 0.000000 0.000000 0.000000 1.000000
0.875557 -0.019785 0.482710 -7.355368 0.021540 0.999766 0.001906 88.834427 -0.482634 0.008729 0.875778 435.831482 0.000000 0.000000 0.000000 1.000000
0.845134 -0.014566 0.534356 -7.714545 0.020868 0.999766 -0.005751 88.317955 -0.534147 0.016011 0.845240 438.902557 0.000000 0.000000 0.000000 1.000000
0.824202 -0.017977 0.566010 -7.899573 0.021651 0.999766 0.000226 87.917412 -0.565881 0.012068 0.824398 441.731079 0.000000 0.000000 0.000000 1.000000
0.816509 -0.035333 0.576250 -7.893908 0.027620 0.999373 0.022142 87.864738 -0.576671 -0.002163 0.816974 444.227753 0.000000 0.000000 0.000000 1.000000
0.814494 -0.059537 0.577110 -7.795844 0.036132 0.997995 0.051962 88.167755 -0.579046 -0.021470 0.815012 446.472839 0.000000 0.000000 0.000000 1.000000
0.808635 -0.084640 0.582191 -7.709414 0.046658 0.995706 0.079952 88.631516 -0.586458 -0.037488 0.809112 448.569366 0.000000 0.000000 0.000000 1.000000
0.794412 -0.111478 0.597062 -7.636513 0.063204 0.992848 0.101282 89.103714 -0.604082 -0.042723 0.795776 450.507629 0.000000 0.000000 0.000000 1.000000
0.771319 -0.137983 0.621311 -7.538195 0.083979 0.989745 0.115552 89.507477 -0.630884 -0.036951 0.774997 452.218170 0.000000 0.000000 0.000000 1.000000
0.741397 -0.156344 0.652600 -7.425885 0.099800 0.987356 0.123162 89.794838 -0.663604 -0.026183 0.747626 453.684967 0.000000 0.000000 0.000000 1.000000
0.708472 -0.163217 0.686606 -7.332312 0.106188 0.986467 0.124929 89.950523 -0.697705 -0.015600 0.716215 454.966431 0.000000 0.000000 0.000000 1.000000
0.676214 -0.163982 0.718223 -7.249169 0.107178 0.986438 0.124311 89.973373 -0.728867 -0.007083 0.684618 456.127563 0.000000 0.000000 0.000000 1.000000
0.645663 -0.165266 0.745524 -7.138311 0.107374 0.986249 0.125637 89.886856 -0.756036 -0.001069 0.654530 457.200348 0.000000 0.000000 0.000000 1.000000
0.615032 -0.167894 0.770420 -6.980533 0.106946 0.985801 0.129455 89.735519 -0.781216 0.002774 0.624255 458.185486 0.000000 0.000000 0.000000 1.000000
0.583248 -0.169007 0.794518 -6.794481 0.104924 0.985596 0.132629 89.551422 -0.805489 0.006008 0.592580 459.070648 0.000000 0.000000 0.000000 1.000000
0.553121 -0.166507 0.816292 -6.617586 0.101779 0.985990 0.132157 89.349770 -0.826860 0.009983 0.562319 459.845947 0.000000 0.000000 0.000000 1.000000
0.529872 -0.158854 0.833067 -6.475343 0.097605 0.987196 0.126163 89.156174 -0.842442 0.014462 0.538593 460.516174 0.000000 0.000000 0.000000 1.000000
0.515842 -0.145328 0.844267 -6.378682 0.091583 0.989213 0.114322 88.994652 -0.851774 0.018348 0.523587 461.086517 0.000000 0.000000 0.000000 1.000000
0.508044 -0.130000 0.851464 -6.331726 0.085794 0.991266 0.100153 88.879181 -0.857048 0.022168 0.514760 461.561646 0.000000 0.000000 0.000000 1.000000
0.502090 -0.119409 0.856532 -6.327051 0.083935 0.992474 0.089159 88.792068 -0.860732 0.027127 0.508334 461.950470 0.000000 0.000000 0.000000 1.000000
0.496521 -0.114753 0.860406 -6.344053 0.086384 0.992835 0.082565 88.718094 -0.863715 0.033330 0.502877 462.269806 0.000000 0.000000 0.000000 1.000000
0.491604 -0.111005 0.863715 -6.372348 0.089846 0.993014 0.076485 88.653687 -0.866172 0.040001 0.498143 462.535278 0.000000 0.000000 0.000000 1.000000
0.486524 -0.104170 0.867435 -6.419127 0.091275 0.993493 0.068114 88.608147 -0.868886 0.046036 0.492866 462.761993 0.000000 0.000000 0.000000 1.000000
0.480365 -0.095605 0.871842 -6.484092 0.090232 0.994154 0.059302 88.581772 -0.872415 0.050181 0.486183 462.970612 0.000000 0.000000 0.000000 1.000000
0.474079 -0.088734 0.876000 -6.545983 0.088036 0.994700 0.053114 88.565674 -0.876070 0.051939 0.479378 463.176483 0.000000 0.000000 0.000000 1.000000
0.469617 -0.084725 0.878795 -6.582276 0.085995 0.995041 0.049977 88.551964 -0.878672 0.052102 0.474575 463.377686 0.000000 0.000000 0.000000 1.000000
0.468029 -0.082777 0.879828 -6.588028 0.084611 0.995227 0.048625 88.534294 -0.879653 0.051685 0.472799 463.562531 0.000000 0.000000 0.000000 1.000000
0.468734 -0.081938 0.879531 -6.572889 0.083378 0.995347 0.048292 88.514626 -0.879396 0.050697 0.473385 463.724335 0.000000 0.000000 0.000000 1.000000
0.470560 -0.081281 0.878616 -6.553622 0.081465 0.995497 0.048463 88.498291 -0.878599 0.048772 0.475063 463.864014 0.000000 0.000000 0.000000 1.000000
0.473049 -0.079365 0.877454 -6.553832 0.078034 0.995794 0.048000 88.493538 -0.877573 0.045765 0.477253 463.973450 0.000000 0.000000 0.000000 1.000000
0.475912 -0.074931 0.876295 -6.607855 0.073440 0.996270 0.045305 88.512886 -0.876422 0.042794 0.479639 464.012573 0.000000 0.000000 0.000000 1.000000
0.477661 -0.067950 0.875913 -6.749473 0.070348 0.996761 0.038962 88.579033 -0.875723 0.043008 0.480894 463.916565 0.000000 0.000000 0.000000 1.000000
0.476224 -0.059877 0.877283 -6.992395 0.072026 0.996983 0.028949 88.708038 -0.876369 0.049401 0.479099 463.635406 0.000000 0.000000 0.000000 1.000000
0.469877 -0.052609 0.881163 -7.338260 0.079105 0.996716 0.017325 88.898178 -0.879180 0.061564 0.472495 463.168762 0.000000 0.000000 0.000000 1.000000
0.455987 -0.044427 0.888877 -7.823326 0.088734 0.996046 0.004264 89.139038 -0.885552 0.076930 0.458126 462.571045 0.000000 0.000000 0.000000 1.000000
0.430317 -0.026346 0.902293 -8.535527 0.097406 0.995093 -0.017399 89.396286 -0.897407 0.095375 0.430771 461.916382 0.000000 0.000000 0.000000 1.000000
0.390553 0.010883 0.920516 -9.522086 0.104623 0.992927 -0.056128 89.593445 -0.914616 0.118228 0.386652 461.250732 0.000000 0.000000 0.000000 1.000000
0.340969 0.063556 0.937924 -10.684266 0.114096 0.987539 -0.108396 89.718689 -0.933125 0.143973 0.329468 460.615356 0.000000 0.000000 0.000000 1.000000
0.290323 0.117710 0.949661 -11.839582 0.127514 0.978797 -0.160304 89.784668 -0.948395 0.167635 0.269158 460.049377 0.000000 0.000000 0.000000 1.000000
0.243567 0.163403 0.956020 -12.863166 0.143484 0.968789 -0.202141 89.827934 -0.959212 0.186408 0.212519 459.578613 0.000000 0.000000 0.000000 1.000000
0.198387 0.200945 0.959304 -13.731569 0.159518 0.959088 -0.233889 89.833603 -0.967056 0.199427 0.158216 459.211823 0.000000 0.000000 0.000000 1.000000
0.150571 0.234343 0.960423 -14.453840 0.172804 0.950303 -0.258965 89.760864 -0.973379 0.204957 0.102592 458.968781 0.000000 0.000000 0.000000 1.000000
0.098457 0.263913 0.959508 -15.006435 0.182087 0.943137 -0.278095 89.636368 -0.978341 0.202094 0.044803 458.872284 0.000000 0.000000 0.000000 1.000000
0.041921 0.286992 0.957015 -15.333439 0.186440 0.938786 -0.289693 89.479240 -0.981572 0.190570 -0.014152 458.887756 0.000000 0.000000 0.000000 1.000000
-0.020717 0.302407 0.952954 -15.404148 0.183881 0.938051 -0.293680 89.281746 -0.982730 0.169146 -0.075040 458.935181 0.000000 0.000000 0.000000 1.000000
-0.092579 0.311189 0.945828 -15.252285 0.173999 0.940347 -0.292354 89.103592 -0.980384 0.137507 -0.141203 458.961945 0.000000 0.000000 0.000000 1.000000
-0.173421 0.313131 0.933742 -14.905598 0.159151 0.944557 -0.287199 89.014786 -0.971903 0.098799 -0.213641 458.918335 0.000000 0.000000 0.000000 1.000000
-0.258232 0.306165 0.916286 -14.325608 0.142454 0.950154 -0.277334 89.056107 -0.955522 0.058912 -0.288975 458.712372 0.000000 0.000000 0.000000 1.000000
-0.342219 0.290564 0.893565 -13.468718 0.124694 0.956618 -0.263312 89.174385 -0.931310 0.021312 -0.363605 458.244202 0.000000 0.000000 0.000000 1.000000
-0.423440 0.270012 0.864750 -12.388445 0.106428 0.962767 -0.248503 89.286301 -0.899651 -0.013193 -0.436411 457.466797 0.000000 0.000000 0.000000 1.000000
-0.500522 0.246234 0.829968 -11.202530 0.087941 0.968200 -0.234211 89.356293 -0.861246 -0.044240 -0.506259 456.373383 0.000000 0.000000 0.000000 1.000000
-0.571288 0.218153 0.791226 -10.013688 0.068936 0.973376 -0.218601 89.385025 -0.817850 -0.070340 -0.571117 454.959229 0.000000 0.000000 0.000000 1.000000
-0.633900 0.187706 0.750291 -8.885276 0.051744 0.978221 -0.201011 89.404800 -0.771682 -0.088598 -0.629808 453.238586 0.000000 0.000000 0.000000 1.000000
-0.688754 0.159479 0.707237 -7.851858 0.040227 0.982410 -0.182353 89.424011 -0.723878 -0.097146 -0.683054 451.256805 0.000000 0.000000 0.000000 1.000000
-0.738580 0.135682 0.660371 -6.958166 0.035706 0.986036 -0.162659 89.437103 -0.673220 -0.096558 -0.733111 449.083374 0.000000 0.000000 0.000000 1.000000
-0.785692 0.114217 0.607982 -6.260511 0.034560 0.989377 -0.141205 89.442032 -0.617651 -0.089932 -0.781293 446.784119 0.000000 0.000000 0.000000 1.000000
-0.829537 0.092794 0.550688 -5.807762 0.032705 0.992478 -0.117972 89.407867 -0.557493 -0.079852 -0.826332 444.429688 0.000000 0.000000 0.000000 1.000000
-0.867799 0.072924 0.491536 -5.613560 0.030571 0.995134 -0.093664 89.306686 -0.495975 -0.066255 -0.865805 442.114746 0.000000 0.000000 0.000000 1.000000
-0.899047 0.058097 0.433981 -5.639740 0.030970 0.997113 -0.069325 89.134911 -0.436755 -0.048886 -0.898251 439.936737 0.000000 0.000000 0.000000 1.000000
-0.923018 0.050077 0.381485 -5.827555 0.034440 0.998267 -0.047711 88.914894 -0.383213 -0.030900 -0.923143 437.974670 0.000000 0.000000 0.000000 1.000000
-0.939543 0.048790 0.338936 -6.133046 0.040022 0.998660 -0.032816 88.656021 -0.340083 -0.017267 -0.940237 436.297882 0.000000 0.000000 0.000000 1.000000
-0.949084 0.053569 0.310434 -6.499492 0.047956 0.998519 -0.025691 88.307762 -0.311350 -0.009495 -0.950248 434.958130 0.000000 0.000000 0.000000 1.000000
-0.953434 0.062373 0.295081 -6.830914 0.058633 0.998048 -0.021516 87.830811 -0.295847 -0.003212 -0.955230 433.941589 0.000000 0.000000 0.000000 1.000000
-0.955001 0.070439 0.288118 -7.037315 0.069912 0.997479 -0.012133 87.246346 -0.288247 0.008556 -0.957518 433.173981 0.000000 0.000000 0.000000 1.000000
