{
	"metadata": {
		"version": 4.4,
		"type": "Object",
		"generator": "Object3D.toJSON"
	},
	"object": {
		"uuid": "29A13AEB-ADC5-4513-8F16-E6CADA8CE2D8",
		"type": "Group",
		"name": "neutral_idle.dae",
		"matrix": [0.009999999776482582,0,0,0,0,0.009999999776482582,0,0,0,0,0.009999999776482582,0,1.2185462713241577,0,0,1],
		"children": [
			{
				"uuid": "CEA15A56-9198-44E7-BEEF-6A8E6F7B4394",
				"type": "Group",
				"name": "mesh1",
				"matrix": [1,0,0,0,0,1,0,0,0,0,1,0,0,0,0,1]
			},
			{
				"uuid": "76706C4D-5C88-4AB7-8540-28C5990A06B8",
				"type": "Group",
				"name": "mixamorig_Hips",
				"matrix": [0.990772008895874,-0.0767713114619255,0.11169908195734024,0,0.08290568739175797,0.9952340722084045,-0.05134515464305878,0,-0.10722491890192032,0.06013184413313866,0.9924150109291077,0,-0.6341270208358765,114.52413940429688,1.0676610469818115,1],
				"children": [
					{
						"uuid": "8839A16C-56D0-400B-B599-6737E0ABFBA5",
						"type": "Group",
						"name": "mixamorig_Spine",
						"matrix": [0.9958199858665466,0.08827590942382812,0.02345280908048153,0,-0.08552108705043793,0.9913070201873779,-0.09998481720685959,0,-0.0320751890540123,0.09756118804216385,0.9947130084037781,0,0,12.554473876953125,-0.7503780126571655,1],
						"children": [
							{
								"uuid": "7C2A3A08-7CC6-4DD5-9D2D-F5B12C5AE10E",
								"type": "Group",
								"name": "mixamorig_Spine1",
								"matrix": [0.9927340149879456,0.11195097118616104,0.0441187359392643,0,-0.11186303198337555,0.9937139749526978,-0.004465349949896336,0,-0.04434126615524292,-0.0005023503326810896,0.9990159869194031,0,0,14.673035621643066,0,1],
								"children": [
									{
										"uuid": "CECD904B-BE82-4339-B1B3-8FCB22148593",
										"type": "Group",
										"name": "mixamorig_Spine2",
										"matrix": [0.9927319884300232,0.11342291533946991,0.040227197110652924,0,-0.11339008063077927,0.9935460090637207,-0.003105467651039362,0,-0.04031980410218239,-0.0014784678351134062,0.9991859793663025,0,0,16.76919174194336,0,1],
										"children": [
											{
												"uuid": "DAFAFFE5-C090-4D01-B61D-0FF3D37EF085",
												"type": "Group",
												"name": "mixamorig_Neck",
												"matrix": [0.9988290071487427,-0.04613713547587395,-0.014540249481797218,0,0.04779486730694771,0.9876099824905396,0.14947500824928284,0,0.007463750429451466,-0.14999498426914215,0.9886590242385864,0,0,18.865318298339844,-9.999999974752427e-7,1],
												"children": [
													{
														"uuid": "FA5F3F5A-A2C1-448E-BECC-A6896BF89589",
														"type": "Group",
														"name": "mixamorig_Head",
														"matrix": [0.9812790155410767,-0.17499622702598572,-0.08042004704475403,0,0.17785577476024628,0.9836040735244751,0.029832642525434494,0,0.07388095557689667,-0.04357735812664032,0.9963150024414062,0,0,8.736236572265625,3.8096609115600586,1],
														"children": [
															{
																"uuid": "32639CF5-C005-4EAF-B61D-153106A3F0BA",
																"type": "Group",
																"name": "mixamorig_HeadTop_End",
																"matrix": [1,0,0,0,0,1,0,0,0,0,1,0,0,29.920364379882812,13.04754638671875,1]
															}]
													}]
											},
											{
												"uuid": "4F6AA033-6670-42EF-B75E-8442144CE62C",
												"type": "Group",
												"name": "mixamorig_LeftShoulder",
												"matrix": [-0.0322689525783062,0.011064225807785988,-0.9994181394577026,0,0.9272522330284119,-0.37288397550582886,-0.03406684100627899,0,-0.37304386496543884,-0.9278121590614319,0.0017730791587382555,0,7.300983905792236,15.670208930969238,0.06487900018692017,1],
												"children": [
													{
														"uuid": "0654AA90-7528-4DE9-BD58-2993075BFC65",
														"type": "Group",
														"name": "mixamorig_LeftArm",
														"matrix": [0.9205701351165771,0.27180978655815125,-0.28048092126846313,0,0.16511577367782593,0.37996307015419006,0.9101449847221375,0,0.3539590835571289,-0.8841649889945984,0.3049028813838959,0,0,15.181543350219727,0,1],
														"children": [
															{
																"uuid": "ED4FB6CB-F425-47C7-B5D1-7AAAFCFBBB0F",
																"type": "Group",
																"name": "mixamorig_LeftForeArm",
																"matrix": [0.8576819896697998,0.19184273481369019,-0.47705018520355225,0,-0.22843126952648163,0.9733699560165405,-0.01925882138311863,0,0.46065181493759155,0.1254911720752716,0.878665030002594,0,0,30.83002281188965,0,1],
																"children": [
																	{
																		"uuid": "E23645D8-873C-41DA-AC70-7FB454E600F1",
																		"type": "Group",
																		"name": "mixamorig_LeftHand",
																		"matrix": [0.849486768245697,0.10186450928449631,0.5176833271980286,0,-0.13041549921035767,0.9912780523300171,0.018950166180729866,0,-0.5112376809120178,-0.08361183851957321,0.8553622364997864,0,0,31.74460792541504,0,1],
																		"children": [
																			{
																				"uuid": "8DCA82EE-FD04-47AA-AF75-9DC0BB67542E",
																				"type": "Group",
																				"name": "mixamorig_LeftHandThumb1",
																				"matrix": [0.9809229969978333,0.1536078155040741,-0.1191410943865776,0,-0.11476817727088928,0.9522749185562134,0.28284215927124023,0,0.15690189599990845,-0.2637728452682495,0.9517380595207214,0,-4.197896957397461,5.197893142700195,2.304399013519287,1],
																				"children": [
																					{
																						"uuid": "CE26DF9D-2305-4A4D-97BB-6DBC1E214CDF",
																						"type": "Group",
																						"name": "mixamorig_LeftHandThumb2",
																						"matrix": [0.9971280097961426,-0.015672314912080765,0.07409311830997467,0,0.026797685772180557,0.9880729913711548,-0.15163801610469818,0,-0.07083287835121155,0.15318799018859863,0.9856550097465515,0,-1.1676570177078247,5.5321807861328125,0,1],
																						"children": [
																							{
																								"uuid": "FCD8E91D-3C4F-4F7B-833D-CBC06AF89853",
																								"type": "Group",
																								"name": "mixamorig_LeftHandThumb3",
																								"matrix": [0.9410909414291382,-0.3196152150630951,0.11042801290750504,0,0.3256947994232178,0.9445500373840332,-0.04179976135492325,0,-0.09094498306512833,0.07530324161052704,0.9930049777030945,0,0.6348050236701965,5.215271949768066,0,1],
																								"children": [
																									{
																										"uuid": "90DD3975-6160-4FE4-B4CC-0BE2D3421BC3",
																										"type": "Group",
																										"name": "mixamorig_LeftHandThumb4",
																										"matrix": [1,0,0,0,0,1,0,0,0,0,1,0,0.5328530073165894,4.260491847991943,0,1]
																									}]
																							}]
																					}]
																			},
																			{
																				"uuid": "4E9EF576-64CB-4CB2-B1D6-D6E9D9FB3AAD",
																				"type": "Group",
																				"name": "mixamorig_LeftHandIndex1",
																				"matrix": [0.9964630007743835,0.08395490795373917,0.003626147285103798,0,-0.0838850885629654,0.9912199974060059,0.1022031307220459,0,0.004986146930605173,-0.10214586555957794,0.9947569966316223,0,-4.0881757736206055,12.677116394042969,0.09389699995517731,1],
																				"children": [
																					{
																						"uuid": "E2C1C13D-DA8D-4441-A7F6-87A87489FC9E",
																						"type": "Group",
																						"name": "mixamorig_LeftHandIndex2",
																						"matrix": [0.9979040026664734,-0.0629877895116806,-0.014863759279251099,0,0.0631852075457573,0.8985428810119629,0.43431416153907776,0,-0.014000759460031986,-0.4343428611755371,0.9006391167640686,0,0.010879999957978725,4.526914119720459,0,1],
																						"children": [
																							{
																								"uuid": "6315C4FD-51AB-46A0-B3CD-86832FFE8114",
																								"type": "Group",
																								"name": "mixamorig_LeftHandIndex3",
																								"matrix": [0.9995989799499512,-0.027957139536738396,-0.004442259669303894,0,0.028084861114621162,0.9597781896591187,0.2793505787849426,0,-0.0035462600644677877,-0.2793634235858917,0.9601788520812988,0,-0.02171899937093258,4.219336986541748,0,1],
																								"children": [
																									{
																										"uuid": "BCE36FB8-096E-4DD8-872D-498AB3C13FF2",
																										"type": "Group",
																										"name": "mixamorig_LeftHandIndex4",
																										"matrix": [1,0,0,0,0,1,0,0,0,0,1,0,0.010839000344276428,3.637087106704712,0,1]
																									}]
																							}]
																					}]
																			},
																			{
																				"uuid": "BB79CF41-B59F-4DCD-90A5-8BB35C5C1284",
																				"type": "Group",
																				"name": "mixamorig_LeftHandMiddle1",
																				"matrix": [0.9979239702224731,0.06400474160909653,-0.007124641910195351,0,-0.06181025877594948,0.9829719066619873,0.17305035889148712,0,0.018079357221722603,-0.1722506433725357,0.9848870635032654,0,-1.0892579555511475,12.796626091003418,-0.34153398871421814,1],
																				"children": [
																					{
																						"uuid": "25660021-2AA8-4F5C-8E4F-FD3FBD144604",
																						"type": "Group",
																						"name": "mixamorig_LeftHandMiddle2",
																						"matrix": [0.9979130029678345,-0.06259417533874512,-0.015839815139770508,0,0.06252782046794891,0.8756901025772095,0.4788077771663666,0,-0.01609981618821621,-0.4787991940975189,0.8777768611907959,0,0.014264999888837337,4.587164878845215,0,1],
																						"children": [
																							{
																								"uuid": "CE43EB32-22EC-4233-ABEB-6A589E062D0A",
																								"type": "Group",
																								"name": "mixamorig_LeftHandMiddle3",
																								"matrix": [0.9989799857139587,-0.044144801795482635,-0.009456130675971508,0,0.04442419856786728,0.9238869547843933,0.3800792098045349,0,-0.00804213061928749,-0.38011178374290466,0.9249060750007629,0,-0.010235000401735306,4.302412033081055,0,1],
																								"children": [
																									{
																										"uuid": "A2BB802D-A683-4711-91E5-9276D8872EB8",
																										"type": "Group",
																										"name": "mixamorig_LeftHandMiddle4",
																										"matrix": [1,0,0,0,0,1,0,0,0,0,1,0,-0.004029999952763319,3.816502094268799,0,1]
																									}]
																							}]
																					}]
																			},
																			{
																				"uuid": "453BF2B3-1B5A-4684-9D5D-1C8123ED83D1",
																				"type": "Group",
																				"name": "mixamorig_LeftHandRing1",
																				"matrix": [0.9970229864120483,0.07025884091854095,-0.03177427500486374,0,-0.06024715676903725,0.9669650197029114,0.24768587946891785,0,0.04812672361731529,-0.2450341135263443,0.9683189392089844,0,1.3507720232009888,12.389742851257324,0.14459000527858734,1],
																				"children": [
																					{
																						"uuid": "601701F3-7263-4D2A-86DD-C75DFD9AFB4E",
																						"type": "Group",
																						"name": "mixamorig_LeftHandRing2",
																						"matrix": [0.9973949193954468,-0.06759625673294067,-0.0251618605107069,0,0.06744074821472168,0.7502981424331665,0.657650887966156,0,-0.02557585947215557,-0.6576350927352905,0.7529028654098511,0,0.0165219996124506,4.007959842681885,0,1],
																						"children": [
																							{
																								"uuid": "15BC72D4-A1F8-4AD7-905E-3C135A3E47B7",
																								"type": "Group",
																								"name": "mixamorig_LeftHandRing3",
																								"matrix": [0.9986289739608765,-0.049743056297302246,-0.016310688108205795,0,0.05056494474411011,0.8359338641166687,0.546495258808136,0,-0.013549688272178173,-0.5465707778930664,0.837303102016449,0,-0.010588999837636948,3.7887918949127197,0,1],
																								"children": [
																									{
																										"uuid": "81ED0C2D-0A60-4FFA-9C00-AE54E8909526",
																										"type": "Group",
																										"name": "mixamorig_LeftHandRing4",
																										"matrix": [1,0,0,0,0,1,0,0,0,0,1,0,-0.005932999774813652,3.1111090183258057,0,1]
																									}]
																							}]
																					}]
																			},
																			{
																				"uuid": "86E76943-3004-4115-8BA0-043930E5AD44",
																				"type": "Group",
																				"name": "mixamorig_LeftHandPinky1",
																				"matrix": [0.9991520047187805,-0.0037238227669149637,0.040993914008140564,0,-0.009844822809100151,0.9453779458999634,0.3258262574672699,0,-0.039968084543943405,-0.32595372200012207,0.9445400834083557,0,3.826662063598633,10.862049102783203,-0.1030770018696785,1],
																				"children": [
																					{
																						"uuid": "1B0A517D-4546-4F96-89A3-423660744094",
																						"type": "Group",
																						"name": "mixamorig_LeftHandPinky2",
																						"matrix": [0.9992560148239136,-0.028061890974640846,-0.02646496146917343,0,0.037615109235048294,0.8608519434928894,0.5074630379676819,0,0.008542039431631565,-0.5080809593200684,0.8612670302391052,0,0.024675000458955765,3.5273990631103516,0,1],
																						"children": [
																							{
																								"uuid": "2D2A5458-396C-48F7-9E46-0B7D6D4BD9B4",
																								"type": "Group",
																								"name": "mixamorig_LeftHandPinky3",
																								"matrix": [0.9847990274429321,-0.15225012600421906,-0.0836140587925911,0,0.1587388813495636,0.5934094190597534,0.7890927791595459,0,-0.07052206248044968,-0.7903702259063721,0.6085566878318787,0,0.0023980000987648964,3.0005619525909424,0,1],
																								"children": [
																									{
																										"uuid": "E78B1819-39E6-4EB9-9008-8A766AFBFC79",
																										"type": "Group",
																										"name": "mixamorig_LeftHandPinky4",
																										"matrix": [1,0,0,0,0,1,0,0,0,0,1,0,-0.027072999626398087,2.277888059616089,0,1]
																									}]
																							}]
																					}]
																			}]
																	}]
															}]
													}]
											},
											{
												"uuid": "B7F01B5D-B8DB-491C-B7D9-B5EE1336998B",
												"type": "Group",
												"name": "mixamorig_RightShoulder",
												"matrix": [0.027756482362747192,-0.011418919079005718,0.9995490312576294,0,-0.901633083820343,-0.4320340156555176,0.02010190859436989,0,0.4316098988056183,-0.901785135269165,-0.02228749729692936,0,-7.300983905792236,15.70068359375,-0.4449999928474426,1],
												"children": [
													{
														"uuid": "3E8A3D6B-A05D-43FD-A744-774C8D0BDA10",
														"type": "Group",
														"name": "mixamorig_RightArm",
														"matrix": [0.9330930113792419,-0.027631059288978577,0.35857197642326355,0,-0.2327970564365387,0.7135640978813171,0.6607819199562073,0,-0.274122029542923,-0.7000450491905212,0.6593888998031616,0,0,15.181543350219727,0,1],
														"children": [
															{
																"uuid": "C22D3A05-8DDD-457C-9824-5078850C709A",
																"type": "Group",
																"name": "mixamorig_RightForeArm",
																"matrix": [0.8449539542198181,-0.16300711035728455,0.509393036365509,0,0.19401389360427856,0.9809670448303223,-0.007907853461802006,0,-0.4984089732170105,0.1055111512541771,0.8604980111122131,0,0,30.897436141967773,0,1],
																"children": [
																	{
																		"uuid": "D9D533DB-A58C-42BE-8915-5C1A40B5FCC6",
																		"type": "Group",
																		"name": "mixamorig_RightHand",
																		"matrix": [0.7271960973739624,0.0827120915055275,-0.6814278960227966,0,-0.01653091423213482,0.9945359826087952,0.10307610034942627,0,0.6862301230430603,-0.06369190663099289,0.7245899438858032,0,0,31.151947021484375,0,1],
																		"children": [
																			{
																				"uuid": "91D6F376-7B64-4A31-96E3-B085B3FB4B57",
																				"type": "Group",
																				"name": "mixamorig_RightHandThumb1",
																				"matrix": [0.9527079463005066,-0.3029942512512207,-0.023287959396839142,0,0.2945467531681061,0.9018529653549194,0.3160763084888458,0,-0.07476696372032166,-0.30798768997192383,0.948448121547699,0,3.928631067276001,6.40211820602417,2.300544023513794,1],
																				"children": [
																					{
																						"uuid": "7F6F2715-0AFF-454F-B194-EE2E05E4BDB1",
																						"type": "Group",
																						"name": "mixamorig_RightHandThumb2",
																						"matrix": [0.9728649258613586,0.230498269200325,0.02008397877216339,0,-0.22765372693538666,0.969118058681488,-0.0947871133685112,0,-0.041312020272016525,0.08764288574457169,0.995294988155365,0,0.8179469704627991,6.23118782043457,0,1],
																						"children": [
																							{
																								"uuid": "1489CDBA-AC13-41F7-940B-30070F203110",
																								"type": "Group",
																								"name": "mixamorig_RightHandThumb3",
																								"matrix": [0.9609630703926086,0.27646586298942566,-0.010804022662341595,0,-0.276634156703949,0.960767924785614,-0.019959706813097,0,0.004861977882683277,0.022169291973114014,0.9997419714927673,0,-0.5170350074768066,5.62542200088501,0,1],
																								"children": [
																									{
																										"uuid": "2938978C-CBBE-4DAF-9C64-79453850309B",
																										"type": "Group",
																										"name": "mixamorig_RightHandThumb4",
																										"matrix": [1,0,0,0,0,1,0,0,0,0,1,0,-0.300911009311676,4.6720781326293945,0,1]
																									}]
																							}]
																					}]
																			},
																			{
																				"uuid": "11284FB9-E96A-4DFF-B024-E103C07D213A",
																				"type": "Group",
																				"name": "mixamorig_RightHandIndex1",
																				"matrix": [0.9978240728378296,-0.06590963900089264,-0.0016887059900909662,0,0.0655713602900505,0.9893789291381836,0.12973026931285858,0,-0.006879705935716629,-0.129558727145195,0.9915480613708496,0,4.062236785888672,15.751225471496582,-0.0831030011177063,1],
																				"children": [
																					{
																						"uuid": "33452C68-A099-43AE-A567-5D87FBE93925",
																						"type": "Group",
																						"name": "mixamorig_RightHandIndex2",
																						"matrix": [0.9990429878234863,0.04298695921897888,0.008067202754318714,0,-0.04311704263091087,0.9370208978652954,0.34660133719444275,0,0.007340203505009413,-0.3466176688671112,0.9379781484603882,0,-0.006612999830394983,4.455897808074951,0,1],
																						"children": [
																							{
																								"uuid": "8A5D1E98-D0FD-40E8-9FE8-2CE0804DB956",
																								"type": "Group",
																								"name": "mixamorig_RightHandIndex3",
																								"matrix": [0.9999210238456726,0.012524660676717758,0.0013077014591544867,0,-0.01255433913320303,0.983377993106842,0.18113599717617035,0,0.0009827015455812216,-0.18113799393177032,0.9834570288658142,0,0.017072999849915504,4.102272987365723,0,1],
																								"children": [
																									{
																										"uuid": "F619ABBE-A935-4F6B-A743-635F8BF701D7",
																										"type": "Group",
																										"name": "mixamorig_RightHandIndex4",
																										"matrix": [1,0,0,0,0,1,0,0,0,0,1,0,-0.010459999553859234,3.5054850578308105,0,1]
																									}]
																							}]
																					}]
																			},
																			{
																				"uuid": "79F7D761-F7C4-4DD9-977B-06BB144E5EE6",
																				"type": "Group",
																				"name": "mixamorig_RightHandMiddle1",
																				"matrix": [0.9984670281410217,-0.055216141045093536,0.003871868597343564,0,0.05398885905742645,0.9869239926338196,0.15187393128871918,0,-0.012207130901515484,-0.151432067155838,0.9883919954299927,0,1.0671470165252686,15.872665405273438,-0.248989999294281,1],
																				"children": [
																					{
																						"uuid": "EC041723-311B-403E-B284-12418DE03DBF",
																						"type": "Group",
																						"name": "mixamorig_RightHandMiddle2",
																						"matrix": [0.9978989362716675,0.06244813650846481,0.017262941226363182,0,-0.06209886074066162,0.845874011516571,0.5297549366950989,0,0.01847993955016136,-0.529714047908783,0.847974956035614,0,-0.024754000827670097,4.509585857391357,0,1],
																						"children": [
																							{
																								"uuid": "8A4E4F8E-D901-4DAC-8D2E-2014A7CA904A",
																								"type": "Group",
																								"name": "mixamorig_RightHandMiddle3",
																								"matrix": [0.9993399977684021,0.035626668483018875,0.007150037679821253,0,-0.03597933053970337,0.9426150321960449,0.331935852766037,0,0.0050860377959907055,-0.3319741487503052,0.9432749152183533,0,0.010184000246226788,4.422863006591797,0,1],
																								"children": [
																									{
																										"uuid": "B471F020-C4E7-435F-8141-A4D8A7960666",
																										"type": "Group",
																										"name": "mixamorig_RightHandMiddle4",
																										"matrix": [1,0,0,0,0,1,0,0,0,0,1,0,0.014569999650120735,3.9568910598754883,0,1]
																									}]
																							}]
																					}]
																			},
																			{
																				"uuid": "A5B2B9F5-4FAC-4CA6-9057-20F0101DD1CE",
																				"type": "Group",
																				"name": "mixamorig_RightHandRing1",
																				"matrix": [0.9991239905357361,-0.03523201122879982,0.02256595529615879,0,0.02658398635685444,0.951060950756073,0.3078571856021881,0,-0.03230804577469826,-0.30698782205581665,0.9511650800704956,0,-1.4362390041351318,15.824564933776855,0.11521700024604797,1],
																				"children": [
																					{
																						"uuid": "10B7E49E-91B1-4EA1-99C9-C3E9C405A08F",
																						"type": "Group",
																						"name": "mixamorig_RightHandRing2",
																						"matrix": [0.9975519776344299,0.06615818291902542,0.02263515442609787,0,-0.06598081439733505,0.7834619283676147,0.6179271340370178,0,0.023147154599428177,-0.6179078817367554,0.785909116268158,0,-0.029215000569820404,4.192234992980957,0,1],
																						"children": [
																							{
																								"uuid": "E2A5BDE8-F3F4-47BF-91C5-BBE88D3A5FC5",
																								"type": "Group",
																								"name": "mixamorig_RightHandRing3",
																								"matrix": [0.9983829855918884,0.0526868999004364,0.02135007455945015,0,-0.0546220988035202,0.784991979598999,0.617093026638031,0,0.01575307361781597,-0.6172609925270081,0.7865999937057495,0,0.018456999212503433,3.8079380989074707,0,1],
																								"children": [
																									{
																										"uuid": "AF845A17-306F-4808-A76B-1CF059C48CF0",
																										"type": "Group",
																										"name": "mixamorig_RightHandRing4",
																										"matrix": [1,0,0,0,0,1,0,0,0,0,1,0,0.01075700018554926,3.458514928817749,0,1]
																									}]
																							}]
																					}]
																			},
																			{
																				"uuid": "098A37DB-E48D-4FB6-B2E4-B0BDE1EAADBF",
																				"type": "Group",
																				"name": "mixamorig_RightHandPinky1",
																				"matrix": [0.9994369745254517,-0.0179386418312788,-0.028365779668092728,0,0.02778935804963112,0.9162229895591736,0.3997040390968323,0,0.01881922036409378,-0.40026697516441345,0.9162049889564514,0,-3.6931450366973877,14.361085891723633,-0.08431199938058853,1],
																				"children": [
																					{
																						"uuid": "457B2F41-37DD-425E-ADF3-64219CEC9A1B",
																						"type": "Group",
																						"name": "mixamorig_RightHandPinky2",
																						"matrix": [0.996474027633667,0.08078812062740326,0.022665759548544884,0,-0.08069787919521332,0.8487340211868286,0.5226260423660278,0,0.022984759882092476,-0.5226119160652161,0.8522600531578064,0,-0.015800999477505684,3.8727469444274902,0,1],
																						"children": [
																							{
																								"uuid": "EF3F0F4E-71EB-439D-A237-E6486F5EFB57",
																								"type": "Group",
																								"name": "mixamorig_RightHandPinky3",
																								"matrix": [0.9904999732971191,0.11942620575428009,0.0681661069393158,0,-0.12246779352426529,0.5406883955001831,0.83226078748703,0,0.06253710389137268,-0.8327022194862366,0.5501776337623596,0,0.005683000199496746,3.0820200443267822,0,1],
																								"children": [
																									{
																										"uuid": "B8C89E0D-D772-4185-A214-2DD39E3B0B77",
																										"type": "Group",
																										"name": "mixamorig_RightHandPinky4",
																										"matrix": [1,0,0,0,0,1,0,0,0,0,1,0,0.010118000209331512,2.651815891265869,0,1]
																									}]
																							}]
																					}]
																			}]
																	}]
															}]
													}]
											}]
									}]
							}]
					},
					{
						"uuid": "780AD538-3229-4C15-953A-A4685A21D6EB",
						"type": "Group",
						"name": "mixamorig_LeftUpLeg",
						"matrix": [-0.9360409379005432,-0.16946615278720856,0.30839812755584717,0,0.275832861661911,-0.89754319190979,0.3439957797527313,0,0.2185048609972,0.4070602059364319,0.8868809342384338,0,13.311440467834473,-6.962189197540283,-0.5910850167274475,1],
						"children": [
							{
								"uuid": "D5A00DDC-D7F6-4A5F-A057-2E414ABAA34C",
								"type": "Group",
								"name": "mixamorig_LeftLeg",
								"matrix": [0.9930269718170166,0.07198110222816467,-0.09335511922836304,0,-0.10425689816474915,0.9058710932731628,-0.41052180528640747,0,0.05501788109540939,0.41739219427108765,0.9070588946342468,0,0,49.280208587646484,0,1],
								"children": [
									{
										"uuid": "82045B34-3B99-40A0-839E-1D06BE3EFBDD",
										"type": "Group",
										"name": "mixamorig_LeftFoot",
										"matrix": [0.9558171033859253,-0.0605817474424839,0.28765174746513367,0,-0.19811475276947021,0.5901662707328796,0.7825947999954224,0,-0.217173233628273,-0.8050051927566528,0.5520886182785034,0,0,52.30164337158203,0,1],
										"children": [
											{
												"uuid": "D1544335-4D7C-4A7D-8F4D-FFAF2864E447",
												"type": "Group",
												"name": "mixamorig_LeftToeBase",
												"matrix": [0.992605984210968,0.007350056432187557,0.12116188555955887,0,-0.06794293969869614,0.8607950806617737,0.504396915435791,0,-0.1005881130695343,-0.5088990330696106,0.8549289703369141,0,0,20.05535888671875,9.999999974752427e-7,1],
												"children": [
													{
														"uuid": "DDE5B6F5-DC35-4885-9D36-F0BC678CFA19",
														"type": "Group",
														"name": "mixamorig_LeftToe_End",
														"matrix": [1,0,0,0,0,1,0,0,0,0,1,0,0,7.7587738037109375,0,1]
													}]
											}]
									}]
							}]
					},
					{
						"uuid": "1DEC8EA4-7433-4E66-AA46-727C60EEEA60",
						"type": "Group",
						"name": "mixamorig_RightUpLeg",
						"matrix": [-0.9802610278129578,-0.14045411348342896,-0.13914424180984497,0,0.13327087461948395,-0.9892789125442505,0.05970823019742966,0,-0.14603875577449799,0.039985768496990204,0.9884700775146484,0,-13.311440467834473,-6.962189197540283,-0.6698470115661621,1],
						"children": [
							{
								"uuid": "A14E2909-4D55-4806-A441-5A789E77A344",
								"type": "Group",
								"name": "mixamorig_RightLeg",
								"matrix": [0.9908350110054016,-0.05553334951400757,-0.12313088774681091,0,-0.004366349894553423,0.8979319930076599,-0.44011300802230835,0,0.13500411808490753,0.436616986989975,0.8894599676132202,0,0,49.28941345214844,0,1],
								"children": [
									{
										"uuid": "DF1EFDD9-22F2-4C59-A758-15FCCB6EC95F",
										"type": "Group",
										"name": "mixamorig_RightFoot",
										"matrix": [0.9373961091041565,-0.012759934179484844,-0.348029762506485,0,0.3384460508823395,0.2689858078956604,0.9017210602760315,0,0.082109235227108,-0.9630599617958069,0.25646501779556274,0,0,52.00263214111328,0,1],
										"children": [
											{
												"uuid": "AF7BDED8-B457-43CA-A871-9F866828BEC5",
												"type": "Group",
												"name": "mixamorig_RightToeBase",
												"matrix": [0.9919739961624146,0.001236180542036891,-0.12643519043922424,0,0.07163418084383011,0.8184991478919983,0.570023775100708,0,0.10419181734323502,-0.5745062232017517,0.8118419051170349,0,0,18.995708465576172,0,1],
												"children": [
													{
														"uuid": "8A08A777-6B27-4464-86BA-A82B92D97936",
														"type": "Group",
														"name": "mixamorig_RightToe_End",
														"matrix": [1,0,0,0,0,1,0,0,0,0,1,0,0,7.1369709968566895,0,1]
													}]
											}]
									}]
							}]
					}]
			}]
	}
}